/dev/sda2 4 0 0 1 1048576 54857
/dev/sda2 32 0 0 1 1048576 104857
/dev/sda2 256 0 0 1 1048576 104857
/dev/sda2 1024 0 0 1 1048576 1048576
/dev/sda2 8192 0 0 1 1048576 1048576
/dev/sda2 32768 0 0 1 1048576 1048576
/dev/sda2 102400 0 0 1 1048576 1048576
/dev/sda2 4 4 0 1 1048576 54857
/dev/sda2 32 4 0 1 1048576 104857
/dev/sda2 128 4 0 1 1048576 104857
/dev/sda2 256 4 0 1 1048576 104857
/dev/sda2 512 4 0 1 1048576 104857
/dev/sda2 4 32 0 1 1048576 54857
/dev/sda2 32 32 0 1 1048576 104857
/dev/sda2 128 32 0 1 1048576 104857
/dev/sda2 256 32 0 1 1048576 104857
/dev/sda2 512 32 0 1 1048576 104857
/dev/sda2 4 128 0 1 1048576 54857
/dev/sda2 32 128 0 1 1048576 104857
/dev/sda2 128 128 0 1 1048576 104857
/dev/sda2 256 128 0 1 1048576 104857
/dev/sda2 512 128 0 1 1048576 104857
/dev/sda2 4 1024 0 1 1048576 54857
/dev/sda2 32 1024 0 1 1048576 104857
/dev/sda2 128 1024 0 1 1048576 104857
/dev/sda2 256 1024 0 1 1048576 104857
/dev/sda2 512 1024 0 1 1048576 104857
/dev/sda2 4 10000 0 1 1048576 54857
/dev/sda2 32 10000 0 1 1048576 104857
/dev/sda2 128 10000 0 1 1048576 104857
/dev/sda2 256 10000 0 1 1048576 104857
/dev/sda2 512 10000 0 1 1048576 104857
/dev/sda2 4 32768 0 1 1048576 54857
/dev/sda2 32 32768 0 1 1048576 104857
/dev/sda2 128 32768 0 1 1048576 104857
/dev/sda2 256 32768 0 1 1048576 104857
/dev/sda2 512 32768 0 1 1048576 104857
/dev/sda2 4 102400 0 1 1048576 54857
/dev/sda2 32 102400 0 1 1048576 104857
/dev/sda2 128 102400 0 1 1048576 104857
/dev/sda2 256 102400 0 1 1048576 104857
/dev/sda2 512 102400 0 1 1048576 104857
/dev/sda2 4 0 1 1 4 54857
/dev/sda2 4 0 1 1 32 54857
/dev/sda2 4 0 1 1 256 54857
/dev/sda2 4 0 1 1 1024 54857
/dev/sda2 4 0 1 1 8192 54857
/dev/sda2 4 0 1 1 32768 54857
/dev/sda2 4 0 1 1 102400 54857