117472151.16176341
775215482.8828062
2563164153.861436
4631663778.549809
4462569500.295706
4800222748.125507
4670126313.884526
182207218.4381017
758965633.8783245
2508741114.0530863
4571354439.049733
4592938793.144002
4863448495.461794
3140973596.606691
666043912.6755943
880073267.7004038
2570638097.230008
4540663352.854434
4134842748.4897857
3081039708.8483124
4600299930.271563
1789343181.7843363
2015939245.6940558
3207141710.0729146
4554707855.695873
4489478438.84127
4959004430.679613
4721999778.24133
5026287033.016852
4772215938.799905
5321695268.363629
4781633158.967772
5492211800.2252
5400106228.63077
6261235133.622615
4731860798.475913
6499218353.712078
4826512747.2577095
6402737987.245109
3886461344.119603
6643373120.661204
6403006821.229426
